4 -0.569570 0.592047
1 -0.680133 0.312063
4 -0.389664 0.336750
1 -0.750781 0.085938
1 -0.561766 0.116406
4 -0.602059 0.362695
1 -0.510441 0.176945
4 -0.485738 0.598523
1 -0.788875 0.026891
1 -0.697535 0.032195
1 -0.596223 0.136914
1 -0.646625 0.332453
4 -0.559301 0.359211
4 -0.689727 0.379875
1 -0.613414 0.235578
4 -0.743172 0.317109
1 -0.594145 0.077117
4 -0.739703 0.269969
1 -0.736281 0.218641
1 -0.664945 0.069625
4 -0.677500 0.326734
4 -0.401770 0.527633
4 -0.644641 0.408500
1 -0.770668 0.045961
4 -0.611691 0.556445
4 -0.554961 0.440250
1 -0.740387 0.097492
4 -0.623902 0.478602
1 -0.720133 0.101297
1 -0.774211 0.066344
4 -0.351988 0.716508
1 -0.776934 0.329414
1 -0.689367 0.115672
1 -0.581410 0.085664
1 -0.590742 0.162375
4 -0.589809 0.333664
1 -0.564094 0.256828
4 -0.579383 0.436984
1 -0.750609 0.126875
1 -0.617941 0.047492
4 -0.522668 0.512305
1 -0.604332 0.068789
1 -0.574492 0.155000
4 -0.616176 0.539164
4 -0.570645 0.641273
4 -0.724859 0.382656
4 -0.657348 0.337008
4 -0.637758 0.352078
4 -0.359398 0.711609
1 -0.726090 0.091789
1 -0.631621 0.106383
1 -0.713656 0.073547
1 -0.733996 0.102117
1 -0.760152 0.105992
1 -0.776355 0.195820
4 -0.683473 0.347477
1 -0.770516 0.122641
4 -0.501770 0.418258
1 -0.738992 0.078766
1 -0.773063 0.053484
4 -0.339125 0.617828
1 -0.527398 0.065547
4 -0.392941 0.807477
1 -0.672352 0.068047
4 -0.754852 0.289625
1 -0.724258 0.319031
1 -0.778191 0.062227
1 -0.663617 0.056078
1 -0.609437 0.076734
1 -0.745594 0.035422
1 -0.745043 0.145242
1 -0.647102 0.119094
1 -0.690637 0.147789
1 -0.666809 0.112273
1 -0.642289 0.147734
1 -0.650457 0.147477
1 -0.693641 0.086813
1 -0.610855 0.135477
1 -0.635945 0.119781
1 -0.717906 0.274641
1 -0.720090 0.038320
1 -0.744898 0.115266
1 -0.697051 0.061320
1 -0.718348 0.103711
1 -0.511113 0.159008
1 -0.542961 0.079109
1 -0.718121 0.041336
4 -0.603039 0.412234
1 -0.650219 0.222047
1 -0.481504 0.201570
1 -0.560277 0.328242
1 -0.635121 0.082633
1 -0.805355 0.045117
1 -0.798523 0.296453
1 -0.698848 0.047211
1 -0.804316 0.053633
1 -0.815063 0.063391
4 -0.321531 0.602062
1 -0.773012 0.032602
4 -0.388055 0.435156
4 -0.472109 0.252750
4 -0.674895 0.327898
4 -0.566734 0.445594
1 -0.765809 0.069195
4 -0.728160 0.263992
4 -0.562344 0.647500
1 -0.823191 0.084414
1 -0.820809 0.084539
1 -0.766211 0.121313
1 -0.589555 0.147391
4 -0.457707 0.436992
1 -0.671020 0.211133
1 -0.711953 0.073375
4 -0.384789 0.255938
4 -0.694250 0.412719
1 -0.693211 0.071781
4 -0.511023 0.454172
4 -0.693223 0.423258
1 -0.671234 0.118297
4 -0.517770 0.328539
4 -0.685195 0.437547
1 -0.768523 0.066391
4 -0.680078 0.276000
1 -0.740012 0.212727
4 -0.551789 0.466313
1 -0.701820 0.128719
1 -0.831066 0.083164
4 -0.741996 0.330836
1 -0.719316 0.183727
4 -0.381633 0.374969
1 -0.618695 0.135875
4 -0.344973 0.382398
1 -0.564477 0.061719
4 -0.313480 0.486852
1 -0.711742 0.113328
1 -0.750273 0.093078
1 -0.794559 0.077445
1 -0.602902 0.055789
1 -0.599035 0.127945
1 -0.650535 0.177398
1 -0.496566 0.230898
4 -0.485914 0.780703
1 -0.635945 0.126734
1 -0.658000 0.088703
4 -0.456387 0.543148
1 -0.550191 0.145602
1 -0.637063 0.051906
4 -0.588855 0.444430
4 -0.475121 0.742602
4 -0.544148 0.364406
4 -0.445250 0.601984
4 -0.524055 0.357047
1 -0.651258 0.055594
1 -0.695961 0.448438
4 -0.492738 0.489117
4 -0.471750 0.641969
1 -0.753152 0.037555
1 -0.671086 0.061531
1 -0.740840 0.200648
4 -0.734984 0.332406
1 -0.570320 0.120266
4 -0.736297 0.377984
4 -0.690668 0.350086
4 -0.441922 0.620078
4 -0.426668 0.416430
1 -0.670410 0.037086
4 -0.466324 0.423164
4 -0.442121 0.610992
1 -0.643242 0.170281
1 -0.697227 0.201703
1 -0.599340 0.383617
1 -0.651219 0.080906
4 -0.643336 0.354594
4 -0.528504 0.657258
4 -0.635375 0.312219
4 -0.525098 0.533789
1 -0.792680 0.055609
4 -0.679953 0.329547
4 -0.514414 0.621766
4 -0.455223 0.587367
4 -0.632445 0.442188
4 -0.584520 0.388914
4 -0.606457 0.413180
4 -0.417691 0.562086
4 -0.575953 0.456875
4 -0.713723 0.275570
4 -0.680008 0.357875
4 -0.427711 0.490828
1 -0.710898 0.166719
1 -0.607660 0.075148
4 -0.554398 0.461922
4 -0.707773 0.343578
1 -0.626273 0.081766
1 -0.668266 0.295172
4 -0.547340 0.495992
1 -0.684809 0.083727
1 -0.766176 0.176977
1 -0.591734 0.110500
4 -0.348094 0.474219
4 -0.285801 0.720430
4 -0.246574 0.624352
1 -0.795844 0.118937
4 -0.774687 0.354234
1 -0.728645 0.129523
1 -0.756504 0.027664
4 -0.494176 0.356617
1 -0.532102 0.259922
4 -0.592645 0.092461
4 -0.632238 0.483039
1 -0.715969 0.050062
1 -0.705117 0.281109
4 -0.531723 0.532242
4 -0.550238 0.606523
4 -0.606406 0.491531
1 -0.640695 0.136437
1 -0.654215 0.334117
1 -0.867984 0.163219
1 -0.863422 0.136219
4 -0.672074 0.414914
4 -0.521121 0.437180
1 -0.712422 0.098703
4 -0.601551 0.528711
4 -0.486953 0.641625
4 -0.651996 0.338320
1 -0.709477 0.076031
1 -0.591434 0.131008
1 -0.618766 0.128187
1 -0.695551 0.031555
4 -0.495367 0.601375
1 -0.748238 0.319273
4 -0.329602 0.404297
4 -0.607699 0.415367
1 -0.541301 0.092805
4 -0.168348 0.498992
4 -0.573691 0.456961
4 -0.639082 0.466867
1 -0.773996 0.168977
1 -0.720676 0.078977
1 -0.782039 0.161672
4 -0.618141 0.387766
1 -0.557590 0.299336
1 -0.753465 0.131164
1 -0.793656 0.080953
1 -0.632742 0.039266
1 -0.525422 0.069281
1 -0.699305 0.040078
1 -0.660129 0.081430
1 -0.744605 0.133039
1 -0.656301 0.099820
4 -0.314590 0.498070
1 -0.743199 0.080492
1 -0.738898 0.071500
4 -0.668332 0.293102
1 -0.699766 0.061344
4 -0.542387 0.406883
4 -0.642813 0.379672
1 -0.837980 0.093430
1 -0.681996 0.091148
4 -0.508309 0.330461
1 -0.745242 0.077172
1 -0.755750 0.061016
4 -0.364047 0.469281
4 -0.686023 0.325937
4 -0.358770 0.835852
1 -0.767734 0.119750
4 -0.558492 0.417422
1 -0.813848 0.065398
4 -0.573926 0.479320
4 -0.595437 0.403234
4 -0.652555 0.368203
4 -0.657352 0.280891
4 -0.682438 0.339672
4 -0.543145 0.459852
4 -0.363328 0.378188
4 -0.157926 0.261695
4 -0.652242 0.541000
1 -0.729734 0.401703
4 -0.786727 0.228391
1 -0.790906 0.087953
4 -0.727477 0.367484
4 -0.480906 0.400859
4 -0.433547 0.556906
4 -0.458813 0.513828
4 -0.580770 0.424430
4 -0.602547 0.342594
4 -0.261742 0.540484
4 -0.109742 0.335109
1 -0.410520 0.208695
1 -0.473793 0.454039
4 -0.519789 0.472672
1 -0.675211 0.131188
4 -0.555266 0.529719
4 -0.663961 0.436563
4 -0.428730 0.619508
1 -0.775922 0.070828
4 -0.702523 0.353422
4 -0.727145 0.297367
4 -0.644281 0.297828
4 -0.652086 0.400156
4 -0.626922 0.498594
4 -0.658750 0.388125
1 -0.728645 0.301102
1 -0.762543 0.051258
4 -0.701145 0.423320
4 -0.715129 0.323680
4 -0.503895 0.541273
4 -0.537121 0.613945
4 -0.400016 0.543891
4 -0.762336 0.285219
4 -0.715160 0.443727
4 -0.552789 0.568375
4 -0.704645 0.395414
1 -0.800176 0.087352
4 -0.664949 0.348055
4 -0.690602 0.266344
4 -0.261293 0.443586
4 -0.513328 0.518203
1 -0.689395 0.131414
4 -0.413816 0.708195
1 -0.615523 0.085437
4 -0.466371 0.598977
4 -0.497703 0.418641
1 -0.605910 0.147133
1 -0.686180 0.094109
4 -0.568129 0.374492
1 -0.717551 0.093492
1 -0.659219 0.228656
4 -0.400184 0.379180
4 -0.671094 0.321422
1 -0.787734 0.130031
4 -0.493922 0.598437
1 -0.664461 0.120734
1 -0.626027 0.062227
4 -0.532398 0.381781
1 -0.744547 0.035031
4 -0.472480 0.471523
1 -0.680668 0.059242
1 -0.780000 0.269641
4 -0.572918 0.484898
1 -0.820309 0.147883
1 -0.796156 0.061844
1 -0.807609 0.084328
1 -0.724875 0.114187
4 -0.680629 0.450055
4 -0.532168 0.506805
1 -0.634227 0.128688
1 -0.741145 0.057820
1 -0.777781 0.252359
4 -0.498098 0.446914
1 -0.690160 0.043461
4 -0.378918 0.661195
1 -0.777266 0.047078
1 -0.816527 0.065977
4 -0.753781 0.202438
4 -0.650855 0.394977
1 -0.796723 0.036102
1 -0.733004 0.084680
1 -0.642680 0.094859
1 -0.697418 0.109492
1 -0.693207 0.035273
1 -0.762027 0.068086
1 -0.786691 0.040133
1 -0.794738 0.092508
1 -0.776551 0.041789
4 -0.690957 0.344805
1 -0.757719 0.037453
4 -0.492262 0.465586
1 -0.732852 0.073438
1 -0.566152 0.107305
1 -0.680539 0.069078
1 -0.832617 0.102781
1 -0.684598 0.063367
4 -0.698004 0.261570
4 -0.267184 0.441070
1 -0.471094 0.411797
4 -0.685625 0.310891
1 -0.779035 0.104836
1 -0.763102 0.048969
1 -0.720953 0.075063
1 -0.652656 0.091266
1 -0.647422 0.073297
1 -0.743957 0.097320
1 -0.652348 0.022133
1 -0.645445 0.107984
1 -0.692520 0.126477
1 -0.613094 0.110922
4 -0.552676 0.422367
1 -0.814781 0.086266
4 -0.481766 0.538484
1 -0.718105 0.029320
1 -0.493773 0.112812
1 -0.695492 0.044609
4 -0.432109 0.380922
1 -0.624777 0.339570
1 -0.794707 0.132320
1 -0.755012 0.089977
4 -0.684719 0.288484
1 -0.781457 0.081539
1 -0.799371 0.084508
1 -0.762547 0.056328
1 -0.751945 0.062109
1 -0.700977 0.110234
1 -0.713758 0.057297
1 -0.656270 0.052617
4 -0.651570 0.317078
1 -0.732840 0.123383
1 -0.743629 0.094695
1 -0.639910 0.110695
1 -0.472234 0.187672
4 -0.430586 0.431844
4 -0.383227 0.396484
1 -0.689309 0.073148
4 -0.439406 0.541859
1 -0.704113 0.067117
1 -0.830551 0.065164
4 -0.630086 0.305313
1 -0.685266 0.061234
4 -0.310680 0.437500
1 -0.563773 0.611063
1 -0.486148 0.677047
1 -0.458496 0.770539
1 -0.746102 0.128109
1 -0.772094 0.071297
1 -0.727719 0.057500
4 -0.665832 0.438148
1 -0.758008 0.082250
1 -0.720652 0.097086
1 -0.630188 0.179141
4 -0.433898 0.319141
1 -0.596285 0.070758
1 -0.547777 0.108523
1 -0.603902 0.054352
4 -0.567859 0.385328
1 -0.647836 0.061453
4 -0.304098 0.555039
1 -0.541961 0.061094
1 -0.535531 0.115219
4 -0.481102 0.538859
4 -0.405898 0.583594
1 -0.565758 0.401406
1 -0.649633 0.127188
1 -0.674426 0.136180
1 -0.567402 0.050180
1 -0.578828 0.058953
4 -0.619449 0.301164
1 -0.664008 0.069391
1 -0.770836 0.065656
1 -0.691340 0.066398
1 -0.760145 0.029898
1 -0.637668 0.143008
1 -0.667563 0.046797
1 -0.735961 0.203797
1 -0.807480 0.074383
4 -0.622520 0.552492
1 -0.720176 0.054727
1 -0.770215 0.374555
4 -0.342570 0.421484
4 -0.640629 0.443461
4 -0.660824 0.378695
1 -0.614418 0.123914
1 -0.645996 0.159617
4 -0.778488 0.286992
4 -0.382285 0.659898
1 -0.622047 0.133953
